381
2
319
54
630
448
10
741
649
360
72
353
52
308
198
490
668
36
323
594
60
71
199
301
341
478
79
93
101
395
462
653
738
85
616
49
109
94
110
272
352
502
739
138
369
481
511
662
364
374
692
55
122
152
155
193
200
273
362
370
425
15
172
204
229
259
426
429
477
671
726
12
64
43
125
145
162
219
262
279
296
409
433
436
516
573
625
703
4
56
77
17
103
124
117
141
168
190
212
304
361
366
391
418
439
578
615
705
717
5
47
44
74
97
139
167
29
183
45
213
216
217
59
225
129
246
252
254
267
291
303
305
309
314
325
329
424
501
523
621
722
24
31
18
57
78
91
177
221
234
241
255
258
265
274
281
21
192
342
372
393
394
399
408
220
7
427
386
450
465
506
528
531
551
611
633
696
736
25
34
38
67
6
1
96
107
123
127
142
151
156
178
81
222
227
247
174
256
182
270
271
275
249
215
299
300
30
326
327
331
347
348
16
392
400
406
410
415
419
420
421
434
449
453
498
529
541
552
567
584
631
634
664
674
677
708
712
744
13
19
8
68
26
88
105
108
114
119
128
143
144
148
58
169
171
188
157
209
211
228
236
240
208
248
250
251
268
205
286
287
288
290
294
302
230
311
322
324
328
336
343
345
358
373
375
377
206
387
401
407
431
438
445
447
278
464
467
473
476
479
505
398
527
534
538
542
554
555
557
566
569
575
579
588
596
619
641
660
239
693
704
9
14
20
35
39
41
51
53
65
37
70
75
73
99
104
106
111
112
76
140
130
150
89
161
149
173
181
191
195
202
203
210
218
224
242
244
42
264
180
226
276
285
196
295
163
261
312
102
135
334
46
354
357
233
365
368
237
260
289
333
378
382
383
389
396
397
340
411
417
165
422
423
137
428
166
120
442
443
446
454
456
459
463
469
207
472
475
484
485
486
488
437
493
497
503
507
508
509
514
515
519
525
532
537
544
548
556
560
563
568
570
572
581
582
586
589
153
597
351
600
603
607
48
231
613
622
317
480
636
642
644
522
665
666
667
350
670
675
679
680
681
682
684
697
706
719
243
11
32
40
33
69
86
87
90
92
27
113
116
115
126
132
134
82
146
147
158
159
160
164
83
136
186
3
194
197
62
245
253
257
263
266
269
277
282
284
292
293
184
297
298
238
310
313
318
320
321
235
330
335
337
338
95
349
50
118
355
356
23
359
63
363
315
371
379
380
28
154
232
388
384
402
403
404
412
414
416
22
339
430
432
435
440
441
444
133
451
452
455
457
458
460
461
214
466
470
471
474
307
131
482
483
487
66
390
489
491
492
494
495
496
499
504
344
510
512
513
121
185
413
517
518
521
316
524
526
530
175
176
533
536
170
539
540
543
545
546
547
549
550
553
558
562
564
565
201
574
576
577
385
571
580
583
559
585
587
590
591
592
593
84
595
598
599
601
602
604
605
606
608
609
610
346
612
614
98
179
617
618
620
623
624
100
283
626
627
628
629
187
376
632
635
637
638
639
643
645
646
647
648
61
650
651
652
654
655
656
657
658
659
661
80
189
663
669
367
223
672
673
676
678
683
685
686
687
689
690
691
280
561
694
695
698
699
700
701
702
707
405
709
710
711
713
714
715
716
718
720
721
723
724
725
332
688
727
728
729
730
731
732
733
734
735
737
740
306
468
500
535
640
742
743
520
745
746
747
748
749
750
751
752
753
754
